Frame 0
    0 [0000000000000000, 0000000400000000, 0000000000000000, 0000000000000000, 0000000000000000, 0000000000000000, 0000000000000000, 0000000000000000, 0000000000000000, 0000000000000000, 0000000200001000]     0: ldxdw r6, [r1+0x0]
    1 [0000000000000000, 0000000400000000, 0000000000000000, 0000000000000000, 0000000000000000, 0000000000000000, 0000000000000001, 0000000000000000, 0000000000000000, 0000000000000000, 0000000200001000]     1: mov64 r7, r1
    2 [0000000000000000, 0000000400000000, 0000000000000000, 0000000000000000, 0000000000000000, 0000000000000000, 0000000000000001, 0000000400000000, 0000000000000000, 0000000000000000, 0000000200001000]     2: add64 r7, 8
    3 [0000000000000000, 0000000400000000, 0000000000000000, 0000000000000000, 0000000000000000, 0000000000000000, 0000000000000001, 0000000400000008, 0000000000000000, 0000000000000000, 0000000200001000]     3: jeq r6, 0, lbb_21
    4 [0000000000000000, 0000000400000000, 0000000000000000, 0000000000000000, 0000000000000000, 0000000000000000, 0000000000000001, 0000000400000008, 0000000000000000, 0000000000000000, 0000000200001000]     4: mov64 r3, r9
    5 [0000000000000000, 0000000400000000, 0000000000000000, 0000000000000000, 0000000000000000, 0000000000000000, 0000000000000001, 0000000400000008, 0000000000000000, 0000000000000000, 0000000200001000]     5: lsh64 r3, 3
    6 [0000000000000000, 0000000400000000, 0000000000000000, 0000000000000000, 0000000000000000, 0000000000000000, 0000000000000001, 0000000400000008, 0000000000000000, 0000000000000000, 0000000200001000]     6: mov64 r2, r10
    7 [0000000000000000, 0000000400000000, 0000000200001000, 0000000000000000, 0000000000000000, 0000000000000000, 0000000000000001, 0000000400000008, 0000000000000000, 0000000000000000, 0000000200001000]     7: sub64 r2, 8
    8 [0000000000000000, 0000000400000000, 0000000200000FF8, 0000000000000000, 0000000000000000, 0000000000000000, 0000000000000001, 0000000400000008, 0000000000000000, 0000000000000000, 0000000200001000]     8: sub64 r2, r3
    9 [0000000000000000, 0000000400000000, 0000000200000FF8, 0000000000000000, 0000000000000000, 0000000000000000, 0000000000000001, 0000000400000008, 0000000000000000, 0000000000000000, 0000000200001000]     9: stxdw [r2+0x0], r7
   10 [0000000000000000, 0000000400000000, 0000000200000FF8, 0000000000000000, 0000000000000000, 0000000000000000, 0000000000000001, 0000000400000008, 0000000000000000, 0000000000000000, 0000000200001000]    10: add64 r9, 1
   11 [0000000000000000, 0000000400000000, 0000000200000FF8, 0000000000000000, 0000000000000000, 0000000000000000, 0000000000000001, 0000000400000008, 0000000000000000, 0000000000000001, 0000000200001000]    11: ldxdw r2, [r7+0x50]
   12 [0000000000000000, 0000000400000000, 0000000000000028, 0000000000000000, 0000000000000000, 0000000000000000, 0000000000000001, 0000000400000008, 0000000000000000, 0000000000000001, 0000000200001000]    12: add64 r2, 10240
   13 [0000000000000000, 0000000400000000, 0000000000002828, 0000000000000000, 0000000000000000, 0000000000000000, 0000000000000001, 0000000400000008, 0000000000000000, 0000000000000001, 0000000200001000]    13: add64 r2, 7
   14 [0000000000000000, 0000000400000000, 000000000000282F, 0000000000000000, 0000000000000000, 0000000000000000, 0000000000000001, 0000000400000008, 0000000000000000, 0000000000000001, 0000000200001000]    14: mov64 r3, r2
   15 [0000000000000000, 0000000400000000, 000000000000282F, 000000000000282F, 0000000000000000, 0000000000000000, 0000000000000001, 0000000400000008, 0000000000000000, 0000000000000001, 0000000200001000]    15: and64 r3, 7
   16 [0000000000000000, 0000000400000000, 000000000000282F, 0000000000000007, 0000000000000000, 0000000000000000, 0000000000000001, 0000000400000008, 0000000000000000, 0000000000000001, 0000000200001000]    16: sub64 r2, r3
   17 [0000000000000000, 0000000400000000, 0000000000002828, 0000000000000007, 0000000000000000, 0000000000000000, 0000000000000001, 0000000400000008, 0000000000000000, 0000000000000001, 0000000200001000]    17: add64 r2, 96
   18 [0000000000000000, 0000000400000000, 0000000000002888, 0000000000000007, 0000000000000000, 0000000000000000, 0000000000000001, 0000000400000008, 0000000000000000, 0000000000000001, 0000000200001000]    18: add64 r7, r2
   19 [0000000000000000, 0000000400000000, 0000000000002888, 0000000000000007, 0000000000000000, 0000000000000000, 0000000000000001, 0000000400002890, 0000000000000000, 0000000000000001, 0000000200001000]    19: sub64 r6, 1
   20 [0000000000000000, 0000000400000000, 0000000000002888, 0000000000000007, 0000000000000000, 0000000000000000, 0000000000000000, 0000000400002890, 0000000000000000, 0000000000000001, 0000000200001000]    20: ja function_3
   21 [0000000000000000, 0000000400000000, 0000000000002888, 0000000000000007, 0000000000000000, 0000000000000000, 0000000000000000, 0000000400002890, 0000000000000000, 0000000000000001, 0000000200001000]     3: jeq r6, 0, lbb_21
   22 [0000000000000000, 0000000400000000, 0000000000002888, 0000000000000007, 0000000000000000, 0000000000000000, 0000000000000000, 0000000400002890, 0000000000000000, 0000000000000001, 0000000200001000]    21: ldxdw r3, [r7+0x0]
   23 [0000000000000000, 0000000400000000, 0000000000002888, 0000000000000021, 0000000000000000, 0000000000000000, 0000000000000000, 0000000400002890, 0000000000000000, 0000000000000001, 0000000200001000]    22: jeq r3, 8, lbb_32
   24 [0000000000000000, 0000000400000000, 0000000000002888, 0000000000000021, 0000000000000000, 0000000000000000, 0000000000000000, 0000000400002890, 0000000000000000, 0000000000000001, 0000000200001000]    23: jlt r3, 1, lbb_46
   25 [0000000000000000, 0000000400000000, 0000000000002888, 0000000000000021, 0000000000000000, 0000000000000000, 0000000000000000, 0000000400002890, 0000000000000000, 0000000000000001, 0000000200001000]    24: ldxb r4, [r7+0x8]
   26 [0000000000000000, 0000000400000000, 0000000000002888, 0000000000000021, 0000000000000003, 0000000000000000, 0000000000000000, 0000000400002890, 0000000000000000, 0000000000000001, 0000000200001000]    25: jeq r4, 0, lbb_34
   27 [0000000000000000, 0000000400000000, 0000000000002888, 0000000000000021, 0000000000000003, 0000000000000000, 0000000000000000, 0000000400002890, 0000000000000000, 0000000000000001, 0000000200001000]    26: jeq r4, 1, lbb_36
   28 [0000000000000000, 0000000400000000, 0000000000002888, 0000000000000021, 0000000000000003, 0000000000000000, 0000000000000000, 0000000400002890, 0000000000000000, 0000000000000001, 0000000200001000]    27: jeq r4, 2, lbb_38
   29 [0000000000000000, 0000000400000000, 0000000000002888, 0000000000000021, 0000000000000003, 0000000000000000, 0000000000000000, 0000000400002890, 0000000000000000, 0000000000000001, 0000000200001000]    28: jeq r4, 3, lbb_40
   30 [0000000000000000, 0000000400000000, 0000000000002888, 0000000000000021, 0000000000000003, 0000000000000000, 0000000000000000, 0000000400002890, 0000000000000000, 0000000000000001, 0000000200001000]    40: mov64 r0, 0
   31 [0000000000000000, 0000000400000000, 0000000000002888, 0000000000000021, 0000000000000003, 0000000000000000, 0000000000000000, 0000000400002890, 0000000000000000, 0000000000000001, 0000000200001000]    41: exit
