Frame 0
    0 [0000000000000000, 0000000400000000, 0000000000000000, 0000000000000000, 0000000000000000, 0000000000000000, 0000000000000000, 0000000000000000, 0000000000000000, 0000000000000000, 0000000200001000]     0: ldxdw r6, [r1+0x0]
    1 [0000000000000000, 0000000400000000, 0000000000000000, 0000000000000000, 0000000000000000, 0000000000000000, 0000000000000001, 0000000000000000, 0000000000000000, 0000000000000000, 0000000200001000]     1: mov64 r7, r1
    2 [0000000000000000, 0000000400000000, 0000000000000000, 0000000000000000, 0000000000000000, 0000000000000000, 0000000000000001, 0000000400000000, 0000000000000000, 0000000000000000, 0000000200001000]     2: add64 r7, 8
    3 [0000000000000000, 0000000400000000, 0000000000000000, 0000000000000000, 0000000000000000, 0000000000000000, 0000000000000001, 0000000400000008, 0000000000000000, 0000000000000000, 0000000200001000]     3: mov64 r2, r10
    4 [0000000000000000, 0000000400000000, 0000000200001000, 0000000000000000, 0000000000000000, 0000000000000000, 0000000000000001, 0000000400000008, 0000000000000000, 0000000000000000, 0000000200001000]     4: sub64 r2, 8
    5 [0000000000000000, 0000000400000000, 0000000200000FF8, 0000000000000000, 0000000000000000, 0000000000000000, 0000000000000001, 0000000400000008, 0000000000000000, 0000000000000000, 0000000200001000]     5: jeq r6, 0, lbb_17
    6 [0000000000000000, 0000000400000000, 0000000200000FF8, 0000000000000000, 0000000000000000, 0000000000000000, 0000000000000001, 0000000400000008, 0000000000000000, 0000000000000000, 0000000200001000]     6: stxdw [r2+0x0], r7
    7 [0000000000000000, 0000000400000000, 0000000200000FF8, 0000000000000000, 0000000000000000, 0000000000000000, 0000000000000001, 0000000400000008, 0000000000000000, 0000000000000000, 0000000200001000]     7: sub64 r2, 8
    8 [0000000000000000, 0000000400000000, 0000000200000FF0, 0000000000000000, 0000000000000000, 0000000000000000, 0000000000000001, 0000000400000008, 0000000000000000, 0000000000000000, 0000000200001000]     8: ldxdw r3, [r7+0x50]
    9 [0000000000000000, 0000000400000000, 0000000200000FF0, 0000000000000028, 0000000000000000, 0000000000000000, 0000000000000001, 0000000400000008, 0000000000000000, 0000000000000000, 0000000200001000]     9: add64 r3, 10247
   10 [0000000000000000, 0000000400000000, 0000000200000FF0, 000000000000282F, 0000000000000000, 0000000000000000, 0000000000000001, 0000000400000008, 0000000000000000, 0000000000000000, 0000000200001000]    10: mov64 r4, r3
   11 [0000000000000000, 0000000400000000, 0000000200000FF0, 000000000000282F, 000000000000282F, 0000000000000000, 0000000000000001, 0000000400000008, 0000000000000000, 0000000000000000, 0000000200001000]    11: and64 r4, 7
   12 [0000000000000000, 0000000400000000, 0000000200000FF0, 000000000000282F, 0000000000000007, 0000000000000000, 0000000000000001, 0000000400000008, 0000000000000000, 0000000000000000, 0000000200001000]    12: sub64 r3, r4
   13 [0000000000000000, 0000000400000000, 0000000200000FF0, 0000000000002828, 0000000000000007, 0000000000000000, 0000000000000001, 0000000400000008, 0000000000000000, 0000000000000000, 0000000200001000]    13: add64 r3, 96
   14 [0000000000000000, 0000000400000000, 0000000200000FF0, 0000000000002888, 0000000000000007, 0000000000000000, 0000000000000001, 0000000400000008, 0000000000000000, 0000000000000000, 0000000200001000]    14: add64 r7, r3
   15 [0000000000000000, 0000000400000000, 0000000200000FF0, 0000000000002888, 0000000000000007, 0000000000000000, 0000000000000001, 0000000400002890, 0000000000000000, 0000000000000000, 0000000200001000]    15: sub64 r6, 1
   16 [0000000000000000, 0000000400000000, 0000000200000FF0, 0000000000002888, 0000000000000007, 0000000000000000, 0000000000000000, 0000000400002890, 0000000000000000, 0000000000000000, 0000000200001000]    16: ja function_5
   17 [0000000000000000, 0000000400000000, 0000000200000FF0, 0000000000002888, 0000000000000007, 0000000000000000, 0000000000000000, 0000000400002890, 0000000000000000, 0000000000000000, 0000000200001000]     5: jeq r6, 0, lbb_17
   18 [0000000000000000, 0000000400000000, 0000000200000FF0, 0000000000002888, 0000000000000007, 0000000000000000, 0000000000000000, 0000000400002890, 0000000000000000, 0000000000000000, 0000000200001000]    17: ldxdw r3, [r7+0x0]
   19 [0000000000000000, 0000000400000000, 0000000200000FF0, 0000000000000021, 0000000000000007, 0000000000000000, 0000000000000000, 0000000400002890, 0000000000000000, 0000000000000000, 0000000200001000]    18: jeq r3, 8, lbb_28
   20 [0000000000000000, 0000000400000000, 0000000200000FF0, 0000000000000021, 0000000000000007, 0000000000000000, 0000000000000000, 0000000400002890, 0000000000000000, 0000000000000000, 0000000200001000]    19: jlt r3, 1, lbb_97
   21 [0000000000000000, 0000000400000000, 0000000200000FF0, 0000000000000021, 0000000000000007, 0000000000000000, 0000000000000000, 0000000400002890, 0000000000000000, 0000000000000000, 0000000200001000]    20: ldxb r4, [r7+0x8]
   22 [0000000000000000, 0000000400000000, 0000000200000FF0, 0000000000000021, 0000000000000003, 0000000000000000, 0000000000000000, 0000000400002890, 0000000000000000, 0000000000000000, 0000000200001000]    21: jeq r4, 0, lbb_30
   23 [0000000000000000, 0000000400000000, 0000000200000FF0, 0000000000000021, 0000000000000003, 0000000000000000, 0000000000000000, 0000000400002890, 0000000000000000, 0000000000000000, 0000000200001000]    22: jeq r4, 1, lbb_32
   24 [0000000000000000, 0000000400000000, 0000000200000FF0, 0000000000000021, 0000000000000003, 0000000000000000, 0000000000000000, 0000000400002890, 0000000000000000, 0000000000000000, 0000000200001000]    23: jeq r4, 2, lbb_34
   25 [0000000000000000, 0000000400000000, 0000000200000FF0, 0000000000000021, 0000000000000003, 0000000000000000, 0000000000000000, 0000000400002890, 0000000000000000, 0000000000000000, 0000000200001000]    24: jeq r4, 3, lbb_36
   26 [0000000000000000, 0000000400000000, 0000000200000FF0, 0000000000000021, 0000000000000003, 0000000000000000, 0000000000000000, 0000000400002890, 0000000000000000, 0000000000000000, 0000000200001000]    36: ldxdw r2, [r1+0x0]
   27 [0000000000000000, 0000000400000000, 0000000000000001, 0000000000000021, 0000000000000003, 0000000000000000, 0000000000000000, 0000000400002890, 0000000000000000, 0000000000000000, 0000000200001000]    37: jne r2, 1, lbb_99
   28 [0000000000000000, 0000000400000000, 0000000000000001, 0000000000000021, 0000000000000003, 0000000000000000, 0000000000000000, 0000000400002890, 0000000000000000, 0000000000000000, 0000000200001000]    38: ldxdw r2, [r10-0x8]
   29 [0000000000000000, 0000000400000000, 0000000400000008, 0000000000000021, 0000000000000003, 0000000000000000, 0000000000000000, 0000000400002890, 0000000000000000, 0000000000000000, 0000000200001000]    39: ldxb r4, [r2+0x1]
   30 [0000000000000000, 0000000400000000, 0000000400000008, 0000000000000021, 0000000000000001, 0000000000000000, 0000000000000000, 0000000400002890, 0000000000000000, 0000000000000000, 0000000200001000]    40: jne r4, 1, lbb_101
   31 [0000000000000000, 0000000400000000, 0000000400000008, 0000000000000021, 0000000000000001, 0000000000000000, 0000000000000000, 0000000400002890, 0000000000000000, 0000000000000000, 0000000200001000]    41: ldxb r4, [r2+0x0]
   32 [0000000000000000, 0000000400000000, 0000000400000008, 0000000000000021, 00000000000000FF, 0000000000000000, 0000000000000000, 0000000400002890, 0000000000000000, 0000000000000000, 0000000200001000]    42: jne r4, 255, lbb_99
   33 [0000000000000000, 0000000400000000, 0000000400000008, 0000000000000021, 00000000000000FF, 0000000000000000, 0000000000000000, 0000000400002890, 0000000000000000, 0000000000000000, 0000000200001000]    43: ldxb r4, [r2+0x2]
   34 [0000000000000000, 0000000400000000, 0000000400000008, 0000000000000021, 0000000000000001, 0000000000000000, 0000000000000000, 0000000400002890, 0000000000000000, 0000000000000000, 0000000200001000]    44: jne r4, 1, lbb_103
   35 [0000000000000000, 0000000400000000, 0000000400000008, 0000000000000021, 0000000000000001, 0000000000000000, 0000000000000000, 0000000400002890, 0000000000000000, 0000000000000000, 0000000200001000]    45: ldxdw r4, [r2+0x50]
   36 [0000000000000000, 0000000400000000, 0000000400000008, 0000000000000021, 0000000000000028, 0000000000000000, 0000000000000000, 0000000400002890, 0000000000000000, 0000000000000000, 0000000200001000]    46: jne r4, 40, lbb_105
   37 [0000000000000000, 0000000400000000, 0000000400000008, 0000000000000021, 0000000000000028, 0000000000000000, 0000000000000000, 0000000400002890, 0000000000000000, 0000000000000000, 0000000200001000]    47: jne r3, 33, lbb_97
   38 [0000000000000000, 0000000400000000, 0000000400000008, 0000000000000021, 0000000000000028, 0000000000000000, 0000000000000000, 0000000400002890, 0000000000000000, 0000000000000000, 0000000200001000]    48: ldxdw r4, [r2+0x78]
   39 [0000000000000000, 0000000400000000, 0000000400000008, 0000000000000021, 0000000000000000, 0000000000000000, 0000000000000000, 0000000400002890, 0000000000000000, 0000000000000000, 0000000200001000]    49: jne r4, 0, lbb_117
   40 [0000000000000000, 0000000400000000, 0000000400000008, 0000000000000021, 0000000000000000, 0000000000000000, 0000000000000000, 0000000400002890, 0000000000000000, 0000000000000000, 0000000200001000]    50: mov64 r1, r2
   41 [0000000000000000, 0000000400000008, 0000000400000008, 0000000000000021, 0000000000000000, 0000000000000000, 0000000000000000, 0000000400002890, 0000000000000000, 0000000000000000, 0000000200001000]    51: add64 r1, 88
   42 [0000000000000000, 0000000400000060, 0000000400000008, 0000000000000021, 0000000000000000, 0000000000000000, 0000000000000000, 0000000400002890, 0000000000000000, 0000000000000000, 0000000200001000]    52: mov64 r2, r7
   43 [0000000000000000, 0000000400000060, 0000000400002890, 0000000000000021, 0000000000000000, 0000000000000000, 0000000000000000, 0000000400002890, 0000000000000000, 0000000000000000, 0000000200001000]    53: add64 r2, 9
   44 [0000000000000000, 0000000400000060, 0000000400002899, 0000000000000021, 0000000000000000, 0000000000000000, 0000000000000000, 0000000400002890, 0000000000000000, 0000000000000000, 0000000200001000]    54: call function_139
   45 [0000000000000000, 0000000400000060, 0000000400002899, 0000000000000021, 0000000000000000, 0000000000000000, 0000000000000000, 0000000400002890, 0000000000000000, 0000000000000000, 0000000200002000]   139: ldxdw r3, [r2+0x0]
   46 [0000000000000000, 0000000400000060, 0000000400002899, FA44AE351B0AB43B, 0000000000000000, 0000000000000000, 0000000000000000, 0000000400002890, 0000000000000000, 0000000000000000, 0000000200002000]   140: stxdw [r1+0x0], r3
   47 [0000000000000000, 0000000400000060, 0000000400002899, FA44AE351B0AB43B, 0000000000000000, 0000000000000000, 0000000000000000, 0000000400002890, 0000000000000000, 0000000000000000, 0000000200002000]   141: ldxdw r3, [r2+0x8]
   48 [0000000000000000, 0000000400000060, 0000000400002899, 82F50D147D40C5B6, 0000000000000000, 0000000000000000, 0000000000000000, 0000000400002890, 0000000000000000, 0000000000000000, 0000000200002000]   142: stxdw [r1+0x8], r3
   49 [0000000000000000, 0000000400000060, 0000000400002899, 82F50D147D40C5B6, 0000000000000000, 0000000000000000, 0000000000000000, 0000000400002890, 0000000000000000, 0000000000000000, 0000000200002000]   143: ldxdw r3, [r2+0x10]
   50 [0000000000000000, 0000000400000060, 0000000400002899, 35145241BD93D13F, 0000000000000000, 0000000000000000, 0000000000000000, 0000000400002890, 0000000000000000, 0000000000000000, 0000000200002000]   144: stxdw [r1+0x10], r3
   51 [0000000000000000, 0000000400000060, 0000000400002899, 35145241BD93D13F, 0000000000000000, 0000000000000000, 0000000000000000, 0000000400002890, 0000000000000000, 0000000000000000, 0000000200002000]   145: ldxdw r3, [r2+0x18]
   52 [0000000000000000, 0000000400000060, 0000000400002899, 1B20575E7D084725, 0000000000000000, 0000000000000000, 0000000000000000, 0000000400002890, 0000000000000000, 0000000000000000, 0000000200002000]   146: stxdw [r1+0x18], r3
   53 [0000000000000000, 0000000400000060, 0000000400002899, 1B20575E7D084725, 0000000000000000, 0000000000000000, 0000000000000000, 0000000400002890, 0000000000000000, 0000000000000000, 0000000200002000]   147: exit
   54 [0000000000000000, 0000000400000060, 0000000400002899, 1B20575E7D084725, 0000000000000000, 0000000000000000, 0000000000000000, 0000000400002890, 0000000000000000, 0000000000000000, 0000000200001000]    55: mov64 r0, 0
   55 [0000000000000000, 0000000400000060, 0000000400002899, 1B20575E7D084725, 0000000000000000, 0000000000000000, 0000000000000000, 0000000400002890, 0000000000000000, 0000000000000000, 0000000200001000]    56: exit
